Chr	Contig	Window	Start	End	Length	Number of filtered sites	Number of SNPs
auto	NW_023496818.1	0	1	168337	168337	1721	1398
auto	NW_023497053.1	0	1	1091999	1091999	2259	1720
auto	NW_023497053.1	1	1092000	1446185	354186	1906	1593
auto	NW_023496832.1	0	1	999384	999384	1530	1252
auto	NW_023496832.1	1	999385	1048142	48758	1977	1622
auto	NW_023496832.1	2	1048143	1087199	39057	1317	1153
auto	NW_023496834.1	0	1	298779	298779	1770	1454
auto	NW_023496834.1	1	298780	433919	135140	2120	1783
auto	NW_023496834.1	2	433920	505621	71702	1791	1527
auto	NW_023496834.1	3	505622	730993	225372	2076	1693
auto	NW_023496828.1	0	1	368514	368514	1767	1337
auto	NW_023496828.1	1	368515	525446	156932	1885	1489
auto	NW_023496828.1	2	525447	617468	92022	1755	1421
auto	NW_023496828.1	3	617469	721604	104136	2354	1814
auto	NW_023496828.1	4	721605	982295	260691	2667	2055
auto	NW_023496828.1	5	982296	1594174	611879	3328	2458
auto	NW_023496822.1	0	1	171535	171535	1734	1409
auto	NW_023496822.1	1	171536	255384	83849	2010	1629
auto	NW_023496822.1	2	255385	706828	451444	1689	1419
auto	NW_023496822.1	3	706829	1305506	598678	1799	1469
auto	NW_023496822.1	4	1305507	1334690	29184	1797	1444
auto	NW_023496822.1	5	1334691	1678359	343669	3257	2437
auto	NW_023496822.1	6	1678360	1747483	69124	2094	1644
auto	NW_023496822.1	7	1747484	1961487	214004	2360	1817
auto	NW_023496833.1	0	1	223253	223253	1567	1329
auto	NW_023496833.1	1	223254	332651	109398	2560	2078
auto	NW_023496833.1	2	332652	473605	140954	2715	2125
auto	NW_023496833.1	3	473606	572001	98396	1887	1550
auto	NW_023496833.1	4	572002	615513	43512	1328	1127
auto	NW_023496833.1	5	615514	714733	99220	2129	1730
auto	NW_023496833.1	6	714734	803967	89234	1667	1384
auto	NW_023496833.1	7	803968	850818	46851	1629	1399
auto	NW_023496833.1	8	850819	975925	125107	2309	1921
auto	NW_023496833.1	9	975926	1066338	90413	1761	1437
auto	NW_023496816.1	0	1	1215544	1215544	2208	1706
auto	NW_023496816.1	1	1215545	1246277	30733	1241	1090
auto	NW_023496816.1	2	1246278	1294102	47825	1371	1185
auto	NW_023496816.1	3	1294103	1536105	242003	1700	1448
auto	NW_023496816.1	4	1536106	1801859	265754	1567	1273
auto	NW_023496816.1	5	1801860	1959524	157665	1475	1262
auto	NW_023496816.1	6	1959525	2052462	92938	1646	1362
auto	NW_023496816.1	7	2052463	2310638	258176	1904	1577
auto	NW_023496816.1	8	2310639	2507586	196948	2305	1885
auto	NW_023496816.1	9	2507587	2578890	71304	1884	1509
auto	NW_023496816.1	10	2578891	2675619	96729	1841	1517
auto	NW_023496816.1	11	2675620	2952760	277141	3154	2430
auto	NW_023496816.1	12	2952761	3183214	230454	2747	2247
auto	NW_023496816.1	13	3183215	3257673	74459	1752	1454
auto	NW_023496816.1	14	3257674	3364904	107231	2520	2067
auto	NW_023496810.1	0	1	138338	138338	4605	3541
auto	NW_023496810.1	1	138339	236134	97796	2094	1831
auto	NW_023496810.1	2	236135	349387	113253	3549	2915
auto	NW_023496810.1	3	349388	396807	47420	1972	1687
auto	NW_023496810.1	4	396808	484645	87838	2528	2160
auto	NW_023496810.1	5	484646	614378	129733	2920	2358
auto	NW_023496810.1	6	614379	822094	207716	3187	2534
auto	NW_023496810.1	7	822095	979928	157834	2296	1938
auto	NW_023496810.1	8	979929	1368804	388876	3228	2718
auto	NW_023496810.1	9	1368805	1827574	458770	4268	3331
auto	NW_023496819.1	0	1	394554	394554	2700	2065
auto	NW_023496819.1	1	394555	553863	159309	3030	2353
auto	NW_023496819.1	2	553864	594745	40882	1422	1269
auto	NW_023496819.1	3	594746	746045	151300	1740	1469
auto	NW_023496819.1	4	746046	810914	64869	1774	1495
auto	NW_023496819.1	5	810915	1117105	306191	1628	1379
auto	NW_023496819.1	6	1117106	1129535	12430	1269	1117
auto	NW_023496819.1	7	1129536	1228882	99347	1835	1591
auto	NW_023496819.1	8	1228883	1317616	88734	1496	1343
auto	NW_023496819.1	9	1317617	1538856	221240	2611	2125
auto	NW_023496819.1	10	1538857	1669837	130981	2990	2272
auto	NW_023496819.1	11	1669838	1733492	63655	1806	1509
auto	NW_023496819.1	12	1733493	1801381	67889	1644	1422
auto	NW_023496819.1	13	1801382	1925122	123741	1895	1590
auto	NW_023496819.1	14	1925123	1994579	69457	1519	1305
auto	NW_023496819.1	15	1994580	2265024	270445	2232	1795
auto	NW_023496819.1	16	2265025	2369839	104815	1637	1390
auto	NW_023496819.1	17	2369840	2608897	239058	2072	1735
auto	NW_023496836.1	0	1	833643	833643	3617	2618
auto	NW_023496836.1	1	833644	1198962	365319	2616	1908
auto	NW_023496836.1	2	1198963	1490559	291597	2400	1778
auto	NW_023496836.1	3	1490560	1692473	201914	3353	2502
auto	NW_023496836.1	4	1692474	2195713	503240	2719	2062
auto	NW_023496836.1	5	2195714	2719780	524067	3143	2314
auto	NW_023496836.1	6	2719781	3221909	502129	2708	2123
auto	NW_023496836.1	7	3221910	3421460	199551	3213	2511
auto	NW_023496836.1	8	3421461	3623558	202098	5205	3815
auto	NW_023496836.1	9	3623559	3768417	144859	3060	2389
auto	NW_023496836.1	10	3768418	3932615	164198	2768	2173
auto	NW_023496836.1	11	3932616	4493072	560457	3433	2558
auto	NW_023496817.1	0	1	360104	360104	1759	1423
auto	NW_023496817.1	1	360105	406860	46756	1911	1478
auto	NW_023496817.1	2	406861	551207	144347	1532	1265
auto	NW_023496817.1	3	551208	705128	153921	1443	1247
auto	NW_023496817.1	4	705129	854187	149059	1673	1422
auto	NW_023496817.1	5	854188	1076411	222224	1852	1537
auto	NW_023496817.1	6	1076412	1188227	111816	2266	1818
auto	NW_023496817.1	7	1188228	1345237	157010	2230	1800
auto	NW_023496817.1	8	1345238	1400388	55151	1658	1372
auto	NW_023496817.1	9	1400389	1507462	107074	2131	1771
auto	NW_023496817.1	10	1507463	1856253	348791	1755	1420
auto	NW_023496817.1	11	1856254	1904202	47949	1628	1418
auto	NW_023496817.1	12	1904203	2120097	215895	1681	1397
auto	NW_023496817.1	13	2120098	2277411	157314	1620	1334
auto	NW_023496817.1	14	2277412	2520694	243283	2173	1746
auto	NW_023496817.1	15	2520695	2690859	170165	2321	1799
auto	NW_023496817.1	16	2690860	2735100	44241	2210	1725
auto	NW_023496817.1	17	2735101	2884075	148975	1987	1634
auto	NW_023496817.1	18	2884076	3030548	146473	2749	2171
auto	NW_023496817.1	19	3030549	3136431	105883	2403	1904
auto	NW_023496837.1	0	1	957537	957537	5603	4151
auto	NW_023496837.1	1	957538	1101150	143613	2431	1987
auto	NW_023496837.1	2	1101151	1367254	266104	2547	2091
auto	NW_023496837.1	3	1367255	1695887	328633	2292	1879
auto	NW_023496837.1	4	1695888	1806328	110441	2072	1713
auto	NW_023496837.1	5	1806329	2123642	317314	2107	1778
auto	NW_023496837.1	6	2123643	2201661	78019	2726	2312
auto	NW_023496837.1	7	2201662	2417300	215639	2861	2351
auto	NW_023496837.1	8	2417301	2541540	124240	2511	2090
auto	NW_023496837.1	9	2541541	2676655	135115	2278	1926
auto	NW_023496837.1	10	2676656	2705019	28364	1751	1530
auto	NW_023496837.1	11	2705020	2788613	83594	1820	1612
auto	NW_023496837.1	12	2788614	2856211	67598	1704	1509
auto	NW_023496837.1	13	2856212	3208119	351908	1810	1564
auto	NW_023496837.1	14	3208120	3330918	122799	1537	1366
auto	NW_023496837.1	15	3330919	3597594	266676	2351	1887
auto	NW_023496837.1	16	3597595	3880720	283126	2067	1800
auto	NW_023496837.1	17	3880721	4004066	123346	2022	1694
auto	NW_023496837.1	18	4004067	4089870	85804	1736	1525
auto	NW_023496837.1	19	4089871	4260534	170664	2344	1932
auto	NW_023496837.1	20	4260535	4464349	203815	1503	1303
auto	NW_023496837.1	21	4464350	4623615	159266	2266	1833
auto	NW_023496837.1	22	4623616	4742123	118508	2023	1646
auto	NW_023496835.1	0	1	496891	496891	2019	1619
auto	NW_023496835.1	1	496892	686569	189678	2907	2341
auto	NW_023496835.1	2	686570	789243	102674	2859	2219
auto	NW_023496835.1	3	789244	910540	121297	3162	2425
auto	NW_023496835.1	4	910541	993178	82638	1925	1631
auto	NW_023496835.1	5	993179	1149904	156726	2439	1932
auto	NW_023496835.1	6	1149905	1310164	160260	1668	1380
auto	NW_023496835.1	7	1310165	1445746	135582	1482	1288
auto	NW_023496835.1	8	1445747	1606270	160524	2016	1661
auto	NW_023496835.1	9	1606271	1910027	303757	2387	1913
auto	NW_023496835.1	10	1910028	1967235	57208	1799	1551
auto	NW_023496835.1	11	1967236	2217790	250555	1439	1252
auto	NW_023496835.1	12	2217791	2437568	219778	1865	1606
auto	NW_023496835.1	13	2437569	2715291	277723	1482	1259
auto	NW_023496835.1	14	2715292	2821164	105873	1900	1580
auto	NW_023496835.1	15	2821165	2988716	167552	2525	2081
auto	NW_023496835.1	16	2988717	3218109	229393	2571	2105
auto	NW_023496835.1	17	3218110	3429935	211826	1813	1437
auto	NW_023496835.1	18	3429936	3515140	85205	1751	1451
auto	NW_023496835.1	19	3515141	3836995	321855	1635	1372
auto	NW_023496835.1	20	3836996	3899780	62785	2079	1668
auto	NW_023496835.1	21	3899781	4207717	307937	2230	1806
auto	NW_023496835.1	22	4207718	4250808	43091	1950	1594
auto	NW_023496835.1	23	4250809	4992034	741226	2636	1973
auto	NW_023496835.1	24	4992035	5405964	413930	1354	1164
auto	NW_023496835.1	25	5405965	5657594	251630	1597	1361
auto	NW_023496835.1	26	5657595	5758945	101351	2551	2033
auto	NW_023496835.1	27	5758946	5961472	202527	1959	1560
auto	NW_023496835.1	28	5961473	6036412	74940	2176	1792
auto	NW_023496835.1	29	6036413	6373388	336976	2418	1863
auto	NW_023496835.1	30	6373389	6541190	167802	2035	1644
auto	NW_023496835.1	31	6541191	6587360	46170	1815	1507
auto	NW_023496808.1	0	1	417274	417274	1462	1239
auto	NW_023496808.1	1	417275	577439	160165	1066	960
auto	NW_023496808.1	2	577440	639571	62132	1919	1600
auto	NW_023496808.1	3	639572	786137	146566	2505	1987
auto	NW_023496808.1	4	786138	1008753	222616	3015	2395
auto	NW_023496808.1	5	1008754	1125661	116908	2334	1919
auto	NW_023496808.1	6	1125662	1469486	343825	2454	1986
auto	NW_023496808.1	7	1469487	1587960	118474	1800	1499
auto	NW_023496808.1	8	1587961	1768928	180968	1714	1424
auto	NW_023496808.1	9	1768929	1822744	53816	1631	1369
auto	NW_023496808.1	10	1822745	1954797	132053	1516	1236
auto	NW_023496808.1	11	1954798	2181274	226477	1789	1524
auto	NW_023496808.1	12	2181275	2321110	139836	1711	1481
auto	NW_023496808.1	13	2321111	2391094	69984	1239	1057
auto	NW_023496808.1	14	2391095	2497170	106076	1691	1373
auto	NW_023496808.1	15	2497171	2663510	166340	1562	1352
auto	NW_023496808.1	16	2663511	2771091	107581	2109	1688
auto	NW_023496808.1	17	2771092	2822395	51304	1965	1602
auto	NW_023496808.1	18	2822396	2894467	72072	1963	1582
auto	NW_023496808.1	19	2894468	3000998	106531	2674	2022
auto	NW_023496808.1	20	3000999	3128814	127816	1445	1257
auto	NW_023496808.1	21	3128815	3439101	310287	2591	2015
auto	NW_023496808.1	22	3439102	3503702	64601	3209	2526
auto	NW_023496808.1	23	3503703	3633493	129791	2020	1649
auto	NW_023496808.1	24	3633494	3665707	32214	1277	1086
auto	NW_023496808.1	25	3665708	3870356	204649	1933	1556
auto	NW_023496808.1	26	3870357	3992208	121852	1609	1348
auto	NW_023496808.1	27	3992209	4360167	367959	3281	2483
auto	NW_023496808.1	28	4360168	4501080	140913	2622	2067
auto	NW_023496808.1	29	4501081	4636485	135405	3064	2333
auto	NW_023496808.1	30	4636486	5030396	393911	3307	2468
auto	NW_023496808.1	31	5030397	5257488	227092	2742	2063
auto	NW_023496808.1	32	5257489	5484300	226812	2368	1795
auto	NW_023496808.1	33	5484301	5879266	394966	4129	3109
auto	NW_023496808.1	34	5879267	6011897	132631	4452	3382
auto	NW_023496808.1	35	6011898	6348404	336507	3410	2553
auto	NW_023496808.1	36	6348405	6451324	102920	2651	1975
auto	NW_023496808.1	37	6451325	6828331	377007	4082	2867
auto	NW_023496808.1	38	6828332	7212787	384456	4011	2759
auto	NW_023496807.1	0	1	678024	678024	9062	6164
auto	NW_023496807.1	1	678025	1129360	451336	3863	2883
auto	NW_023496807.1	2	1129361	1287395	158035	2242	1727
auto	NW_023496807.1	3	1287396	1496641	209246	3072	2295
auto	NW_023496807.1	4	1496642	1651271	154630	1863	1541
auto	NW_023496807.1	5	1651272	1819201	167930	1911	1557
auto	NW_023496807.1	6	1819202	2107263	288062	2448	1975
auto	NW_023496807.1	7	2107264	2204370	97107	2364	1943
auto	NW_023496807.1	8	2204371	2396031	191661	2523	2064
auto	NW_023496807.1	9	2396032	2423239	27208	1780	1486
auto	NW_023496807.1	10	2423240	2712510	289271	2110	1813
auto	NW_023496807.1	11	2712511	2783308	70798	1664	1468
auto	NW_023496807.1	12	2783309	2852558	69250	1983	1723
auto	NW_023496807.1	13	2852559	2922636	70078	2007	1704
auto	NW_023496807.1	14	2922637	2987237	64601	1544	1386
auto	NW_023496807.1	15	2987238	3101910	114673	1761	1534
auto	NW_023496807.1	16	3101911	3225354	123444	1456	1304
auto	NW_023496807.1	17	3225355	3340303	114949	1929	1674
auto	NW_023496807.1	18	3340304	3464931	124628	1598	1401
auto	NW_023496807.1	19	3464932	3607057	142126	1796	1568
auto	NW_023496807.1	20	3607058	3729986	122929	2154	1820
auto	NW_023496807.1	21	3729987	3921736	191750	1459	1238
auto	NW_023496807.1	22	3921737	3984818	63082	1605	1371
auto	NW_023496807.1	23	3984819	4052612	67794	1664	1470
auto	NW_023496807.1	24	4052613	4157959	105347	1881	1578
auto	NW_023496807.1	25	4157960	4188290	30331	1288	1172
auto	NW_023496807.1	26	4188291	4238433	50143	1201	1087
auto	NW_023496807.1	27	4238434	4291687	53254	1537	1372
auto	NW_023496807.1	28	4291688	4364400	72713	1554	1301
auto	NW_023496807.1	29	4364401	4641665	277265	2144	1799
auto	NW_023496807.1	30	4641666	4760155	118490	1473	1285
auto	NW_023496807.1	31	4760156	4783189	23034	1214	1072
auto	NW_023496807.1	32	4783190	4852517	69328	1804	1529
auto	NW_023496807.1	33	4852518	4961609	109092	1633	1431
auto	NW_023496807.1	34	4961610	5088973	127364	1078	986
auto	NW_023496807.1	35	5088974	5202682	113709	2203	1801
auto	NW_023496807.1	36	5202683	5315004	112322	1796	1524
auto	NW_023496807.1	37	5315005	5394874	79870	2055	1780
auto	NW_023496807.1	38	5394875	5596688	201814	2872	2287
auto	NW_023496807.1	39	5596689	5789945	193257	1822	1565
auto	NW_023496807.1	40	5789946	5939626	149681	2003	1759
auto	NW_023496807.1	41	5939627	6011379	71753	1981	1684
auto	NW_023496807.1	42	6011380	6221635	210256	1703	1440
auto	NW_023496807.1	43	6221636	6395590	173955	1796	1512
auto	NW_023496807.1	44	6395591	6505315	109725	1175	1052
auto	NW_023496807.1	45	6505316	6532075	26760	1375	1180
auto	NW_023496807.1	46	6532076	6702619	170544	1839	1521
auto	NW_023496807.1	47	6702620	6735599	32980	1441	1260
auto	NW_023496807.1	48	6735600	6930776	195177	1769	1475
auto	NW_023496807.1	49	6930777	7098235	167459	2034	1724
auto	NW_023496807.1	50	7098236	7130669	32434	1016	917
auto	NW_023496807.1	51	7130670	7291846	161177	1892	1572
auto	NW_023496807.1	52	7291847	7520518	228672	1782	1479
auto	NW_023496807.1	53	7520519	7582153	61635	1132	1036
auto	NW_023496807.1	54	7582154	7652189	70036	1837	1521
auto	NW_023496807.1	55	7652190	7763108	110919	2199	1884
auto	NW_023496807.1	56	7763109	7820105	56997	1055	947
auto	NW_023496807.1	57	7820106	7851305	31200	1004	902
auto	NW_023496807.1	58	7851306	8040592	189287	1265	1125
auto	NW_023496807.1	59	8040593	8204743	164151	1640	1401
auto	NW_023496807.1	60	8204744	8307610	102867	1929	1590
auto	NW_023496807.1	61	8307611	8360477	52867	1936	1583
auto	NW_023496807.1	62	8360478	8420593	60116	1773	1463
auto	NW_023496807.1	63	8420594	8553930	133337	1464	1238
auto	NW_023496807.1	64	8553931	8828959	275029	1470	1286
auto	NW_023496807.1	65	8828960	9001311	172352	2519	2012
auto	NW_023496807.1	66	9001312	9128745	127434	1669	1378
auto	NW_023496807.1	67	9128746	9166232	37487	2316	1842
auto	NW_023496807.1	68	9166233	9275032	108800	1729	1423
auto	NW_023496807.1	69	9275033	9385866	110834	1890	1558
auto	NW_023496807.1	70	9385867	9486691	100825	2824	2149
auto	NW_023496807.1	71	9486692	9650246	163555	1370	1224
auto	NW_023496807.1	72	9650247	9854377	204131	2250	1870
auto	NW_023496807.1	73	9854378	9946899	92522	1952	1614
auto	NW_023496807.1	74	9946900	10236585	289686	1790	1456
auto	NW_023496807.1	75	10236586	10537168	300583	1771	1461
auto	NW_023496807.1	76	10537169	10750545	213377	2556	2097
auto	NW_023496807.1	77	10750546	10895402	144857	2380	1919
auto	NW_023496807.1	78	10895403	10963493	68091	1582	1376
auto	NW_023496807.1	79	10963494	11119417	155924	1724	1476
auto	NW_023496807.1	80	11119418	11234406	114989	1464	1284
auto	NW_023496807.1	81	11234407	11299369	64963	1601	1393
auto	NW_023496807.1	82	11299370	11656175	356806	1710	1473
auto	NW_023496807.1	83	11656176	11714115	57940	1594	1352
auto	NW_023496807.1	84	11714116	11767187	53072	2365	1881
auto	NW_023496807.1	85	11767188	11820311	53124	1660	1393
auto	NW_023496807.1	86	11820312	11886816	66505	2270	1852
auto	NW_023496807.1	87	11886817	11969207	82391	2098	1734
auto	NW_023496807.1	88	11969208	12063126	93919	2229	1765
auto	NW_023496807.1	89	12063127	12222359	159233	1372	1225
auto	NW_023496807.1	90	12222360	12527579	305220	2375	1930
auto	NW_023496807.1	91	12527580	12638485	110906	1737	1456
auto	NW_023496807.1	92	12638486	12740921	102436	1649	1403
auto	NW_023496807.1	93	12740922	13007196	266275	1893	1571
auto	NW_023496807.1	94	13007197	13080769	73573	2394	1887
auto	NW_023496807.1	95	13080770	13220511	139742	2068	1699
auto	NW_023496807.1	96	13220512	13330158	109647	1569	1340
auto	NW_023496807.1	97	13330159	13478404	148246	1833	1570
auto	NW_023496807.1	98	13478405	13514508	36104	1272	1153
auto	NW_023496807.1	99	13514509	13590998	76490	1224	1097
auto	NW_023496807.1	100	13590999	13636861	45863	1269	1136
auto	NW_023496807.1	101	13636862	13763302	126441	1733	1450
auto	NW_023496807.1	102	13763303	13963352	200050	2053	1659
auto	NW_023496807.1	103	13963353	14104376	141024	1212	1096
auto	NW_023496807.1	104	14104377	14126912	22536	1280	1132
auto	NW_023496807.1	105	14126913	14221376	94464	1436	1248
auto	NW_023496807.1	106	14221377	14249836	28460	1390	1185
auto	NW_023496807.1	107	14249837	14302922	53086	1344	1179
auto	NW_023496807.1	108	14302923	14349598	46676	1517	1295
auto	NW_023496807.1	109	14349599	14399625	50027	1424	1223
auto	NW_023496807.1	110	14399626	14639972	240347	1566	1362
auto	NW_023496812.1	0	1	202447	202447	1121	1040
auto	NW_023496812.1	1	202448	242139	39692	1700	1513
auto	NW_023496812.1	2	242140	393338	151199	1715	1492
auto	NW_023496812.1	3	393339	485136	91798	1837	1588
auto	NW_023496812.1	4	485137	664684	179548	2297	1957
auto	NW_023496812.1	5	664685	1001159	336475	2547	2114
auto	NW_023496812.1	6	1001160	1153447	152288	2391	2042
auto	NW_023496812.1	7	1153448	1440784	287337	1598	1423
auto	NW_023496812.1	8	1440785	1614937	174153	2658	2142
auto	NW_023496812.1	9	1614938	1762770	147833	1465	1333
auto	NW_023496812.1	10	1762771	1925005	162235	2036	1729
auto	NW_023496812.1	11	1925006	2055146	130141	2280	1941
auto	NW_023496812.1	12	2055147	2128016	72870	1246	1122
auto	NW_023496812.1	13	2128017	2223114	95098	1653	1472
auto	NW_023496812.1	14	2223115	2450954	227840	1828	1588
auto	NW_023496812.1	15	2450955	2539561	88607	1982	1703
auto	NW_023496812.1	16	2539562	2654516	114955	1673	1442
auto	NW_023496812.1	17	2654517	2979508	324992	1558	1423
auto	NW_023496812.1	18	2979509	2995084	15576	1137	1060
auto	NW_023496812.1	19	2995085	3015305	20221	1210	1111
auto	NW_023496812.1	20	3015306	3045940	30635	1685	1513
auto	NW_023496812.1	21	3045941	3170632	124692	1950	1669
auto	NW_023496812.1	22	3170633	3344302	173670	1720	1487
auto	NW_023496812.1	23	3344303	3406786	62484	1420	1286
auto	NW_023496812.1	24	3406787	3513405	106619	1081	1009
auto	NW_023496812.1	25	3513406	3783766	270361	1679	1497
auto	NW_023496812.1	26	3783767	3820729	36963	1336	1217
auto	NW_023496812.1	27	3820730	3877467	56738	1247	1143
auto	NW_023496812.1	28	3877468	4121080	243613	1254	1118
auto	NW_023496812.1	29	4121081	4356681	235601	1789	1540
auto	NW_023496812.1	30	4356682	4507946	151265	1387	1234
auto	NW_023496812.1	31	4507947	4838894	330948	1693	1476
auto	NW_023496812.1	32	4838895	4909245	70351	1418	1268
auto	NW_023496812.1	33	4909246	5037916	128671	1954	1661
auto	NW_023496812.1	34	5037917	5447768	409852	1571	1375
auto	NW_023496812.1	35	5447769	5794618	346850	1750	1479
auto	NW_023496812.1	36	5794619	5922444	127826	1325	1178
auto	NW_023496812.1	37	5922445	6429071	506627	1868	1602
auto	NW_023496812.1	38	6429072	6809831	380760	2039	1749
auto	NW_023496812.1	39	6809832	7038585	228754	1620	1393
auto	NW_023496812.1	40	7038586	7092225	53640	1627	1445
auto	NW_023496812.1	41	7092226	7229494	137269	1809	1566
auto	NW_023496812.1	42	7229495	7288724	59230	1655	1467
auto	NW_023496812.1	43	7288725	7358884	70160	1377	1273
auto	NW_023496812.1	44	7358885	7503810	144926	1581	1412
auto	NW_023496812.1	45	7503811	7584046	80236	2029	1732
auto	NW_023496812.1	46	7584047	7852763	268717	1387	1244
auto	NW_023496812.1	47	7852764	8017624	164861	2158	1800
auto	NW_023496812.1	48	8017625	8061296	43672	1548	1380
auto	NW_023496812.1	49	8061297	8101250	39954	1054	958
auto	NW_023496812.1	50	8101251	8389496	288246	1452	1353
auto	NW_023496812.1	51	8389497	8540749	151253	1587	1374
auto	NW_023496812.1	52	8540750	8545081	4332	697	667
auto	NW_023496812.1	53	8545082	8613358	68277	1481	1349
auto	NW_023496812.1	54	8613359	8734070	120712	2172	1809
auto	NW_023496812.1	55	8734071	8883532	149462	2295	1929
auto	NW_023496812.1	56	8883533	8974628	91096	2401	1963
auto	NW_023496812.1	57	8974629	9162005	187377	1337	1202
auto	NW_023496812.1	58	9162006	9218003	55998	1701	1483
auto	NW_023496812.1	59	9218004	9453536	235533	1956	1695
auto	NW_023496812.1	60	9453537	9821121	367585	1481	1339
auto	NW_023496812.1	61	9821122	10027750	206629	1516	1336
auto	NW_023496812.1	62	10027751	10042057	14307	1237	1102
auto	NW_023496812.1	63	10042058	10054812	12755	1401	1272
auto	NW_023496812.1	64	10054813	10259047	204235	1618	1478
auto	NW_023496812.1	65	10259048	10429909	170862	2717	2222
auto	NW_023496812.1	66	10429910	10586682	156773	3589	2760
auto	NW_023496812.1	67	10586683	10659041	72359	1850	1624
auto	NW_023496812.1	68	10659042	10679272	20231	1611	1451
auto	NW_023496812.1	69	10679273	10963885	284613	1962	1694
auto	NW_023496812.1	70	10963886	11311474	347589	2185	1816
auto	NW_023496812.1	71	11311475	11447996	136522	1622	1457
auto	NW_023496812.1	72	11447997	11465448	17452	1227	1113
auto	NW_023496812.1	73	11465449	11546275	80827	1555	1395
auto	NW_023496812.1	74	11546276	11624741	78466	1746	1588
auto	NW_023496812.1	75	11624742	11674091	49350	1436	1298
auto	NW_023496812.1	76	11674092	11737797	63706	1626	1426
auto	NW_023496812.1	77	11737798	11856290	118493	2031	1694
auto	NW_023496812.1	78	11856291	11988586	132296	2048	1738
auto	NW_023496812.1	79	11988587	12157807	169221	1682	1425
auto	NW_023496812.1	80	12157808	12226152	68345	1773	1534
auto	NW_023496812.1	81	12226153	12324271	98119	1942	1665
auto	NW_023496812.1	82	12324272	12454231	129960	2231	1940
auto	NW_023496812.1	83	12454232	12562381	108150	1575	1423
auto	NW_023496812.1	84	12562382	12806728	244347	2238	1901
auto	NW_023496812.1	85	12806729	12920051	113323	1964	1648
auto	NW_023496812.1	86	12920052	12993988	73937	1729	1464
auto	NW_023496812.1	87	12993989	13133701	139713	2277	1918
auto	NW_023496812.1	88	13133702	13473566	339865	1941	1717
auto	NW_023496812.1	89	13473567	13614154	140588	2506	2104
auto	NW_023496812.1	90	13614155	13718705	104551	1340	1238
auto	NW_023496812.1	91	13718706	13848218	129513	1670	1498
auto	NW_023496812.1	92	13848219	13984866	136648	2785	2390
auto	NW_023496812.1	93	13984867	14171064	186198	2648	2278
auto	NW_023496812.1	94	14171065	14240379	69315	1912	1639
auto	NW_023496812.1	95	14240380	14323868	83489	1440	1295
auto	NW_023496812.1	96	14323869	14483969	160101	1725	1453
auto	NW_023496812.1	97	14483970	14615392	131423	1820	1524
auto	NW_023496812.1	98	14615393	14742469	127077	2447	1979
auto	NW_023496812.1	99	14742470	14772002	29533	1316	1165
auto	NW_023496812.1	100	14772003	14948275	176273	1723	1495
auto	NW_023496812.1	101	14948276	15088997	140722	1908	1676
auto	NW_023496812.1	102	15088998	15310472	221475	1972	1681
auto	NW_023496812.1	103	15310473	15394215	83743	2174	1739
auto	NW_023496812.1	104	15394216	15665263	271048	3157	2388
auto	NW_023496812.1	105	15665264	16184328	519065	2473	1975
auto	NW_023496812.1	106	16184329	16429979	245651	2394	1959
auto	NW_023496812.1	107	16429980	16642618	212639	1889	1594
auto	NW_023496812.1	108	16642619	17036009	393391	1640	1403
auto	NW_023496812.1	109	17036010	17259009	223000	1854	1605
auto	NW_023496812.1	110	17259010	17365254	106245	1549	1354
auto	NW_023496812.1	111	17365255	17421939	56685	1718	1359
auto	NW_023496812.1	112	17421940	17525642	103703	1674	1343
auto	NW_023496812.1	113	17525643	17746455	220813	1915	1609
auto	NW_023496812.1	114	17746456	17999671	253216	1794	1505
auto	NW_023496812.1	115	17999672	18119878	120207	2345	1964
auto	NW_023496812.1	116	18119879	18335650	215772	2822	2362
auto	NW_023496812.1	117	18335651	18583397	247747	1354	1226
auto	NW_023496812.1	118	18583398	18786515	203118	1571	1399
auto	NW_023496812.1	119	18786516	18915978	129463	1887	1539
auto	NW_023496812.1	120	18915979	18935645	19667	1641	1370
auto	NW_023496812.1	121	18935646	19054272	118627	1795	1548
auto	NW_023496812.1	122	19054273	19163449	109177	2711	2284
auto	NW_023496812.1	123	19163450	19491025	327576	2396	1950
auto	NW_023496812.1	124	19491026	19593507	102482	1779	1515
auto	NW_023496812.1	125	19593508	20053153	459646	2828	2217
auto	NW_023496812.1	126	20053154	20369038	315885	2737	2174
auto	NW_023496812.1	127	20369039	20433923	64885	2207	1780
auto	NW_023496812.1	128	20433924	20703290	269367	2783	2240
auto	NW_023496812.1	129	20703291	21594565	891275	2785	2000
auto	NW_023496812.1	130	21594566	21883109	288544	2911	2198
auto	NW_023496812.1	131	21883110	22159385	276276	4000	2992
auto	NW_023496812.1	132	22159386	22797273	637888	4817	3290
auto	NW_023496800.1	0	1	1370436	1370436	7177	4828
auto	NW_023496800.1	1	1370437	1701900	331464	5043	3669
auto	NW_023496800.1	2	1701901	2238377	536477	3332	2525
auto	NW_023496800.1	3	2238378	3081254	842877	2826	2261
auto	NW_023496800.1	4	3081255	3149997	68743	1903	1613
auto	NW_023496800.1	5	3149998	3406984	256987	2714	2219
auto	NW_023496800.1	6	3406985	3773598	366614	2753	2140
auto	NW_023496800.1	7	3773599	4089874	316276	2253	1835
auto	NW_023496800.1	8	4089875	4301170	211296	2332	1898
auto	NW_023496800.1	9	4301171	4468279	167109	3242	2541
auto	NW_023496800.1	10	4468280	4671884	203605	2898	2324
auto	NW_023496800.1	11	4671885	4774961	103077	1697	1408
auto	NW_023496800.1	12	4774962	4906814	131853	1853	1490
auto	NW_023496800.1	13	4906815	5065056	158242	1391	1246
auto	NW_023496800.1	14	5065057	5139111	74055	1517	1306
auto	NW_023496800.1	15	5139112	5267571	128460	2260	1888
auto	NW_023496800.1	16	5267572	5604791	337220	3364	2700
auto	NW_023496800.1	17	5604792	5749251	144460	1910	1598
auto	NW_023496800.1	18	5749252	5784066	34815	1270	1084
auto	NW_023496800.1	19	5784067	6183971	399905	2075	1702
auto	NW_023496800.1	20	6183972	6291556	107585	1937	1569
auto	NW_023496800.1	21	6291557	6460107	168551	2010	1657
auto	NW_023496800.1	22	6460108	6533687	73580	2526	2008
auto	NW_023496800.1	23	6533688	6725400	191713	2271	1856
auto	NW_023496800.1	24	6725401	6954840	229440	1920	1611
auto	NW_023496800.1	25	6954841	7662408	707568	2336	1927
auto	NW_023496800.1	26	7662409	7755993	93585	2142	1759
auto	NW_023496800.1	27	7755994	7807292	51299	2232	1826
auto	NW_023496800.1	28	7807293	8065386	258094	1992	1732
auto	NW_023496800.1	29	8065387	8125125	59739	1220	1064
auto	NW_023496800.1	30	8125126	8392069	266944	1896	1623
auto	NW_023496800.1	31	8392070	8629253	237184	2220	1849
auto	NW_023496800.1	32	8629254	8661998	32745	993	897
auto	NW_023496800.1	33	8661999	8667957	5959	878	828
auto	NW_023496800.1	34	8667958	8785012	117055	1669	1487
auto	NW_023496800.1	35	8785013	8941732	156720	2201	1846
auto	NW_023496800.1	36	8941733	9007400	65668	1509	1314
auto	NW_023496800.1	37	9007401	9084438	77038	2154	1768
auto	NW_023496800.1	38	9084439	9179969	95531	1261	1112
auto	NW_023496800.1	39	9179970	9311357	131388	1817	1568
auto	NW_023496800.1	40	9311358	9525195	213838	1113	966
auto	NW_023496800.1	41	9525196	9723154	197959	912	835
auto	NW_023496800.1	42	9723155	9875805	152651	1821	1538
auto	NW_023496800.1	43	9875806	10076295	200490	1440	1239
auto	NW_023496800.1	44	10076296	10244110	167815	1342	1212
auto	NW_023496800.1	45	10244111	10340912	96802	999	917
auto	NW_023496800.1	46	10340913	10530668	189756	1502	1326
auto	NW_023496800.1	47	10530669	10536528	5860	931	853
auto	NW_023496800.1	48	10536529	10577097	40569	1017	935
auto	NW_023496800.1	49	10577098	10654742	77645	1464	1297
auto	NW_023496800.1	50	10654743	10888128	233386	1359	1202
auto	NW_023496800.1	51	10888129	10999138	111010	1835	1632
auto	NW_023496800.1	52	10999139	11093657	94519	1561	1348
auto	NW_023496800.1	53	11093658	11149174	55517	1591	1351
auto	NW_023496800.1	54	11149175	11298346	149172	2076	1727
auto	NW_023496800.1	55	11298347	11445835	147489	2476	1965
auto	NW_023496800.1	56	11445836	11512993	67158	1152	1036
auto	NW_023496800.1	57	11512994	11648607	135614	1475	1295
auto	NW_023496800.1	58	11648608	11696603	47996	1266	1132
auto	NW_023496800.1	59	11696604	12035742	339139	1928	1643
auto	NW_023496800.1	60	12035743	12224843	189101	1787	1515
auto	NW_023496800.1	61	12224844	12239645	14802	1264	1094
auto	NW_023496800.1	62	12239646	12564444	324799	1693	1445
auto	NW_023496800.1	63	12564445	12753264	188820	1791	1478
auto	NW_023496800.1	64	12753265	12795262	41998	1464	1292
auto	NW_023496800.1	65	12795263	12852247	56985	1542	1309
auto	NW_023496800.1	66	12852248	13449979	597732	2031	1703
auto	NW_023496800.1	67	13449980	13513147	63168	1621	1395
auto	NW_023496800.1	68	13513148	13623184	110037	3107	2490
auto	NW_023496800.1	69	13623185	13789251	166067	1203	1067
auto	NW_023496800.1	70	13789252	13816863	27612	1300	1176
auto	NW_023496800.1	71	13816864	13955319	138456	1760	1536
auto	NW_023496800.1	72	13955320	13996860	41541	1919	1603
auto	NW_023496800.1	73	13996861	14026927	30067	1781	1538
auto	NW_023496800.1	74	14026928	14208421	181494	1929	1712
auto	NW_023496800.1	75	14208422	14421990	213569	1075	999
auto	NW_023496800.1	76	14421991	14547417	125427	1375	1245
auto	NW_023496800.1	77	14547418	14911528	364111	1913	1668
auto	NW_023496800.1	78	14911529	15170992	259464	1905	1604
auto	NW_023496800.1	79	15170993	15253990	82998	1251	1144
auto	NW_023496800.1	80	15253991	15540335	286345	1761	1512
auto	NW_023496800.1	81	15540336	15852826	312491	1531	1363
auto	NW_023496800.1	82	15852827	16211253	358427	1443	1255
auto	NW_023496800.1	83	16211254	16447964	236711	1680	1444
auto	NW_023496800.1	84	16447965	16665542	217578	1708	1481
auto	NW_023496800.1	85	16665543	16756933	91391	1321	1226
auto	NW_023496800.1	86	16756934	16911047	154114	1472	1333
auto	NW_023496800.1	87	16911048	17050601	139554	1677	1445
auto	NW_023496800.1	88	17050602	17215942	165341	1590	1323
auto	NW_023496800.1	89	17215943	17379947	164005	1568	1383
auto	NW_023496800.1	90	17379948	17656403	276456	1464	1276
auto	NW_023496800.1	91	17656404	17881510	225107	1434	1265
auto	NW_023496800.1	92	17881511	17950399	68889	1445	1289
auto	NW_023496800.1	93	17950400	18124890	174491	1927	1681
auto	NW_023496800.1	94	18124891	18229470	104580	2508	2015
auto	NW_023496800.1	95	18229471	18624708	395238	1813	1541
auto	NW_023496800.1	96	18624709	18729125	104417	1715	1471
auto	NW_023496800.1	97	18729126	18804109	74984	1733	1498
auto	NW_023496800.1	98	18804110	18969745	165636	1582	1403
auto	NW_023496800.1	99	18969746	19036943	67198	1422	1317
auto	NW_023496800.1	100	19036944	19131636	94693	1205	1136
auto	NW_023496800.1	101	19131637	19283154	151518	1873	1663
auto	NW_023496800.1	102	19283155	19337488	54334	1678	1442
auto	NW_023496800.1	103	19337489	19368300	30812	1222	1082
auto	NW_023496800.1	104	19368301	19380985	12685	1071	968
auto	NW_023496800.1	105	19380986	19529639	148654	1976	1708
auto	NW_023496800.1	106	19529640	19712442	182803	1941	1670
auto	NW_023496800.1	107	19712443	19900344	187902	1307	1188
auto	NW_023496800.1	108	19900345	19949980	49636	1160	1076
auto	NW_023496800.1	109	19949981	20031260	81280	1363	1213
auto	NW_023496800.1	110	20031261	20333351	302091	1953	1692
auto	NW_023496800.1	111	20333352	20512400	179049	1691	1401
auto	NW_023496800.1	112	20512401	20537754	25354	1370	1196
auto	NW_023496800.1	113	20537755	20616304	78550	1888	1637
auto	NW_023496800.1	114	20616305	20649001	32697	1374	1235
auto	NW_023496800.1	115	20649002	20878964	229963	1922	1651
auto	NW_023496800.1	116	20878965	20925180	46216	1454	1278
auto	NW_023496800.1	117	20925181	20978389	53209	1539	1365
auto	NW_023496800.1	118	20978390	21127613	149224	1757	1511
auto	NW_023496800.1	119	21127614	21175859	48246	1340	1209
auto	NW_023496800.1	120	21175860	21237336	61477	1733	1562
auto	NW_023496800.1	121	21237337	21312358	75022	1955	1695
auto	NW_023496800.1	122	21312359	21355771	43413	1488	1307
auto	NW_023496800.1	123	21355772	21522292	166521	1788	1517
auto	NW_023496800.1	124	21522293	21634044	111752	2189	1798
auto	NW_023496800.1	125	21634045	21888605	254561	1933	1677
auto	NW_023496800.1	126	21888606	21967380	78775	2526	2160
auto	NW_023496800.1	127	21967381	22067570	100190	1958	1695
auto	NW_023496800.1	128	22067571	22087770	20200	1937	1744
auto	NW_023496800.1	129	22087771	22139188	51418	3892	2943
auto	NW_023496800.1	130	22139189	22157713	18525	1065	981
auto	NW_023496800.1	131	22157714	22324390	166677	1768	1588
auto	NW_023496800.1	132	22324391	22547037	222647	2088	1819
auto	NW_023496800.1	133	22547038	22865337	318300	1968	1660
auto	NW_023496800.1	134	22865338	23114052	248715	1944	1667
auto	NW_023496800.1	135	23114053	23204421	90369	1321	1167
auto	NW_023496800.1	136	23204422	23600998	396577	2689	2063
auto	NW_023496800.1	137	23600999	23779013	178015	3071	2439
auto	NW_023496800.1	138	23779014	24037758	258745	2387	1941
auto	NW_023496800.1	139	24037759	24434121	396363	3049	2377
auto	NW_023496800.1	140	24434122	24607200	173079	1814	1521
auto	NW_023496800.1	141	24607201	24831064	223864	2455	2013
auto	NW_023496800.1	142	24831065	25043694	212630	3953	3019
auto	NW_023496800.1	143	25043695	25403413	359719	8045	5759
X	NW_023496847.1	0	1	295384	295384	2478	1959
X	NW_023496847.1	1	295385	565760	270376	2067	1687
X	NW_023496843.1	0	1	2051601	2051601	6911	4526
X	NW_023496841.1	0	1	113050	113050	2760	2238
X	NW_023496841.1	1	113051	597236	484186	5076	3718
X	NW_023496841.1	2	597237	999078	401842	4447	3349
X	NW_023496841.1	3	999079	1405210	406132	4885	3459
X	NW_023496841.1	4	1405211	1936019	530809	2880	2307
X	NW_023496841.1	5	1936020	2587877	651858	3249	2487
X	NW_023496841.1	6	2587878	2942029	354152	3385	2505
X	NW_023496841.1	7	2942030	3313870	371841	2529	2014
X	NW_023496841.1	8	3313871	3742624	428754	2647	1961
X	NW_023496846.1	0	1	381074	381074	5666	4123
X	NW_023496846.1	1	381075	1243441	862367	4052	2987
X	NW_023496846.1	2	1243442	1746228	502787	3499	2680
X	NW_023496846.1	3	1746229	1884149	137921	3051	2217
X	NW_023496846.1	4	1884150	2132134	247985	2399	1910
X	NW_023496846.1	5	2132135	2445658	313524	3865	2831
X	NW_023496846.1	6	2445659	2612431	166773	2166	1860
X	NW_023496846.1	7	2612432	2969786	357355	3861	2908
X	NW_023496846.1	8	2969787	3215133	245347	2332	1823
X	NW_023496846.1	9	3215134	3380310	165177	2345	1885
X	NW_023496846.1	10	3380311	3766358	386048	3753	2809
X	NW_023496846.1	11	3766359	3887003	120645	2582	2169
X	NW_023496846.1	12	3887004	4085360	198357	3261	2497
X	NW_023496846.1	13	4085361	4555225	469865	3131	2454
X	NW_023496846.1	14	4555226	4620356	65131	1958	1580
X	NW_023496846.1	15	4620357	4746325	125969	1492	1309
X	NW_023496846.1	16	4746326	4787395	41070	1310	1156
X	NW_023496846.1	17	4787396	4823920	36525	993	923
X	NW_023496846.1	18	4823921	5001970	178050	2406	1862
X	NW_023496846.1	19	5001971	5446725	444755	3240	2427
X	NW_023496846.1	20	5446726	5563074	116349	3071	2441
X	NW_023496846.1	21	5563075	5954143	391069	2935	2361
X	NW_023496846.1	22	5954144	6316615	362472	2657	2139
X	NW_023496845.1	0	1	1068221	1068221	10779	6866
X	NW_023496845.1	1	1068222	1400411	332190	7735	5306
X	NW_023496845.1	2	1400412	2049162	648751	6906	5166
X	NW_023496845.1	3	2049163	2903650	854488	6632	5046
X	NW_023496845.1	4	2903651	3825136	921486	7048	5278
X	NW_023496845.1	5	3825137	4214670	389534	6676	4838
X	NW_023496845.1	6	4214671	4960794	746124	6700	4783
X	NW_023496845.1	7	4960795	5906441	945647	6105	4544
X	NW_023496845.1	8	5906442	6266198	359757	5696	4260
X	NW_023496845.1	9	6266199	6743288	477090	5046	3636
X	NW_023496845.1	10	6743289	6997566	254278	4459	3284
X	NW_023496845.1	11	6997567	7236498	238932	4050	3109
X	NW_023496845.1	12	7236499	7433597	197099	3563	2776
X	NW_023496845.1	13	7433598	7555901	122304	2862	2399
X	NW_023496845.1	14	7555902	7717684	161783	3837	3101
X	NW_023496845.1	15	7717685	8043032	325348	3429	2709
X	NW_023496845.1	16	8043033	8661437	618405	4818	3773
X	NW_023496845.1	17	8661438	8853341	191904	2125	1761
X	NW_023496845.1	18	8853342	9018399	165058	1598	1431
X	NW_023496845.1	19	9018400	9039880	21481	1363	1222
X	NW_023496845.1	20	9039881	9289934	250054	2640	2220
X	NW_023496845.1	21	9289935	9836667	546733	3112	2337
X	NW_023496845.1	22	9836668	9970334	133667	2252	1775
X	NW_023496845.1	23	9970335	10415634	445300	2096	1655
X	NW_023496845.1	24	10415635	10690887	275253	2634	2046
X	NW_023496845.1	25	10690888	10862663	171776	2518	2058
X	NW_023496845.1	26	10862664	10935754	73091	2177	1776
X	NW_023496845.1	27	10935755	11400279	464525	2367	1971
X	NW_023496845.1	28	11400280	11464921	64642	2099	1654
X	NW_023496845.1	29	11464922	12014913	549992	3128	2226
X	NW_023496845.1	30	12014914	12407603	392690	1794	1511
X	NW_023496845.1	31	12407604	12702173	294570	2345	1887
X	NW_023496845.1	32	12702174	12973397	271224	2319	1859
X	NW_023496845.1	33	12973398	13136721	163324	4040	2945
X	NW_023496845.1	34	13136722	13301635	164914	2586	2046
X	NW_023496845.1	35	13301636	13645833	344198	2841	2267
